# Surface Areas per Atom
1.329220104217529297e+01
0.000000000000000000e+00
0.000000000000000000e+00
5.749483585357666016e+00
4.253042697906494141e+00
8.092747688293457031e+00
1.946963119506835938e+01
2.351625061035156250e+01
0.000000000000000000e+00
0.000000000000000000e+00
0.000000000000000000e+00
4.020324707031250000e+00
0.000000000000000000e+00
7.372934818267822266e-01
9.078675270080566406e+00
8.816056251525878906e+00
0.000000000000000000e+00
0.000000000000000000e+00
0.000000000000000000e+00
7.850344181060791016e+00
9.781213760375976562e+00
1.381621932983398438e+01
0.000000000000000000e+00
0.000000000000000000e+00
0.000000000000000000e+00
7.236379623413085938e+00
3.427750110626220703e+00
3.032114028930664062e+00
3.293594360351562500e+00
1.009366321563720703e+01
1.040685462951660156e+01
0.000000000000000000e+00
0.000000000000000000e+00
0.000000000000000000e+00
7.186439990997314453e+00
1.498369097709655762e+00
3.821209669113159180e+00
2.936719179153442383e+00
9.670311927795410156e+00
3.500488758087158203e+00
0.000000000000000000e+00
0.000000000000000000e+00
0.000000000000000000e+00
5.393573284149169922e+00
0.000000000000000000e+00
1.314089965820312500e+01
1.344994926452636719e+01
0.000000000000000000e+00
0.000000000000000000e+00
0.000000000000000000e+00
5.770352840423583984e+00
0.000000000000000000e+00
9.568290710449218750e-01
1.007531166076660156e+01
1.074611377716064453e+01
0.000000000000000000e+00
0.000000000000000000e+00
0.000000000000000000e+00
6.461401462554931641e+00
0.000000000000000000e+00
2.803771257400512695e+00
6.001870632171630859e+00
1.021091079711914062e+01
0.000000000000000000e+00
0.000000000000000000e+00
0.000000000000000000e+00
4.337267875671386719e+00
0.000000000000000000e+00
5.969985008239746094e+00
1.196654796600341797e+01
1.968181800842285156e+01
0.000000000000000000e+00
0.000000000000000000e+00
0.000000000000000000e+00
5.445419311523437500e+00
1.537214636802673340e+00
3.432489156723022461e+00
7.155724048614501953e+00
1.220766830444335938e+01
1.598466205596923828e+01
0.000000000000000000e+00
0.000000000000000000e+00
0.000000000000000000e+00
6.901720046997070312e+00
2.163574934005737305e+00
7.335464000701904297e+00
6.789814949035644531e+00
0.000000000000000000e+00
3.519296169281005859e+00
1.015970325469970703e+01
1.025773620605468750e+01
0.000000000000000000e+00
0.000000000000000000e+00
0.000000000000000000e+00
5.937767982482910156e+00
0.000000000000000000e+00
7.394835472106933594e+00
1.599160194396972656e+01
0.000000000000000000e+00
0.000000000000000000e+00
0.000000000000000000e+00
4.172245979309082031e+00
0.000000000000000000e+00
0.000000000000000000e+00
0.000000000000000000e+00
0.000000000000000000e+00
0.000000000000000000e+00
0.000000000000000000e+00
0.000000000000000000e+00
0.000000000000000000e+00
8.153474926948547363e-01
8.026292920112609863e-01
0.000000000000000000e+00
0.000000000000000000e+00
0.000000000000000000e+00
6.194639205932617188e+00
1.302916884422302246e+00
2.537395238876342773e+00
1.316095516085624695e-02
9.998710632324218750e+00
9.134442329406738281e+00
0.000000000000000000e+00
0.000000000000000000e+00
0.000000000000000000e+00
7.173691272735595703e+00
0.000000000000000000e+00
1.428686809539794922e+01
1.683329582214355469e+01
0.000000000000000000e+00
0.000000000000000000e+00
0.000000000000000000e+00
6.463472843170166016e+00
0.000000000000000000e+00
1.286331367492675781e+01
1.633531570434570312e+01
0.000000000000000000e+00
0.000000000000000000e+00
0.000000000000000000e+00
6.220543861389160156e+00
1.637176513671875000e+01
0.000000000000000000e+00
0.000000000000000000e+00
0.000000000000000000e+00
8.053505897521972656e+00
1.746394538879394531e+01
0.000000000000000000e+00
0.000000000000000000e+00
0.000000000000000000e+00
2.968173265457153320e+00
1.270424485206604004e+00
5.090654850006103516e+00
8.906356811523437500e+00
1.318445777893066406e+01
1.390574836730957031e+01
0.000000000000000000e+00
0.000000000000000000e+00
0.000000000000000000e+00
5.568515300750732422e+00
2.779088735580444336e+00
8.384028434753417969e+00
1.860063362121582031e+01
2.334963035583496094e+01
0.000000000000000000e+00
0.000000000000000000e+00
0.000000000000000000e+00
6.870248317718505859e+00
0.000000000000000000e+00
1.009738922119140625e+01
1.485167312622070312e+01
0.000000000000000000e+00
0.000000000000000000e+00
0.000000000000000000e+00
7.520910739898681641e+00
1.913747787475585938e+00
4.527276992797851562e+00
3.425493955612182617e+00
8.795739173889160156e+00
1.042217159271240234e+01
0.000000000000000000e+00
0.000000000000000000e+00
0.000000000000000000e+00
5.522603034973144531e+00
1.730792427062988281e+01
0.000000000000000000e+00
2.325045585632324219e+00
0.000000000000000000e+00
6.322808742523193359e+00
0.000000000000000000e+00
0.000000000000000000e+00
0.000000000000000000e+00
5.833794116973876953e+00
0.000000000000000000e+00
1.435562038421630859e+01
1.667007064819335938e+01
0.000000000000000000e+00
0.000000000000000000e+00
0.000000000000000000e+00
6.056464195251464844e+00
0.000000000000000000e+00
1.703563809394836426e+00
8.676713109016418457e-01
7.639075756072998047e+00
1.015996551513671875e+01
0.000000000000000000e+00
0.000000000000000000e+00
0.000000000000000000e+00
6.524572372436523438e+00
2.998220682144165039e+00
7.104423522949218750e+00
1.897308540344238281e+01
2.258792495727539062e+01
0.000000000000000000e+00
0.000000000000000000e+00
0.000000000000000000e+00
6.381763935089111328e+00
0.000000000000000000e+00
2.290461301803588867e+00
1.672853088378906250e+01
1.603337097167968750e+01
0.000000000000000000e+00
0.000000000000000000e+00
0.000000000000000000e+00
5.716958999633789062e+00
2.742332935333251953e+00
4.145795345306396484e+00
7.814796447753906250e+00
1.315528869628906250e+01
1.681408691406250000e+01
0.000000000000000000e+00
0.000000000000000000e+00
0.000000000000000000e+00
4.832242488861083984e+00
2.184756278991699219e+00
7.940937042236328125e+00
5.740891456604003906e+00
0.000000000000000000e+00
3.464743137359619141e+00
1.026711368560791016e+01
1.236218547821044922e+01
0.000000000000000000e+00
0.000000000000000000e+00
0.000000000000000000e+00
6.244295597076416016e+00
0.000000000000000000e+00
0.000000000000000000e+00
0.000000000000000000e+00
0.000000000000000000e+00
0.000000000000000000e+00
0.000000000000000000e+00
0.000000000000000000e+00
1.013623046875000000e+01
0.000000000000000000e+00
0.000000000000000000e+00
0.000000000000000000e+00
7.051420211791992188e+00
0.000000000000000000e+00
0.000000000000000000e+00
0.000000000000000000e+00
0.000000000000000000e+00
1.200073242187500000e+00
1.215913057327270508e+00
1.329848527908325195e+00
0.000000000000000000e+00
0.000000000000000000e+00
0.000000000000000000e+00
7.362524032592773438e+00
1.230966091156005859e+00
6.765778541564941406e+00
8.137593269348144531e+00
1.319782257080078125e+01
1.722211074829101562e+01
0.000000000000000000e+00
0.000000000000000000e+00
0.000000000000000000e+00
6.501192569732666016e+00
1.864390730857849121e+00
4.700466632843017578e+00
7.303819179534912109e+00
1.289677238464355469e+01
1.673043251037597656e+01
0.000000000000000000e+00
0.000000000000000000e+00
0.000000000000000000e+00
3.532848834991455078e+00
0.000000000000000000e+00
0.000000000000000000e+00
0.000000000000000000e+00
0.000000000000000000e+00
0.000000000000000000e+00
0.000000000000000000e+00
0.000000000000000000e+00
9.286911010742187500e+00
0.000000000000000000e+00
0.000000000000000000e+00
0.000000000000000000e+00
4.894355773925781250e+00
1.866952657699584961e+00
6.498195648193359375e+00
0.000000000000000000e+00
0.000000000000000000e+00
0.000000000000000000e+00
0.000000000000000000e+00
6.121849536895751953e+00
2.028411328792572021e-01
0.000000000000000000e+00
0.000000000000000000e+00
3.983069062232971191e-01
4.735540390014648438e+00
0.000000000000000000e+00
0.000000000000000000e+00
0.000000000000000000e+00
0.000000000000000000e+00
6.465326786041259766e+00
0.000000000000000000e+00
2.027320623397827148e+00
1.025354671478271484e+01
7.780622005462646484e+00
0.000000000000000000e+00
0.000000000000000000e+00
0.000000000000000000e+00
3.819365262985229492e+00
0.000000000000000000e+00
2.421204328536987305e+00
1.451515960693359375e+01
1.697323799133300781e+01
0.000000000000000000e+00
0.000000000000000000e+00
0.000000000000000000e+00
7.474995136260986328e+00
0.000000000000000000e+00
2.097804069519042969e+00
1.012252807617187500e+01
7.337184429168701172e+00
0.000000000000000000e+00
0.000000000000000000e+00
0.000000000000000000e+00
6.679794788360595703e+00
0.000000000000000000e+00
0.000000000000000000e+00
0.000000000000000000e+00
3.480707705020904541e-01
4.723538398742675781e+00
0.000000000000000000e+00
0.000000000000000000e+00
0.000000000000000000e+00
0.000000000000000000e+00
2.296858787536621094e+00
0.000000000000000000e+00
0.000000000000000000e+00
0.000000000000000000e+00
0.000000000000000000e+00
5.379911065101623535e-01
6.328697204589843750e-01
7.552003860473632812e-01
0.000000000000000000e+00
0.000000000000000000e+00
0.000000000000000000e+00
6.288461208343505859e+00
1.229531884193420410e+00
6.412345886230468750e+00
0.000000000000000000e+00
0.000000000000000000e+00
0.000000000000000000e+00
0.000000000000000000e+00
7.380292415618896484e+00
0.000000000000000000e+00
0.000000000000000000e+00
0.000000000000000000e+00
0.000000000000000000e+00
0.000000000000000000e+00
0.000000000000000000e+00
0.000000000000000000e+00
0.000000000000000000e+00
1.200944900512695312e+00
1.218276977539062500e+00
0.000000000000000000e+00
0.000000000000000000e+00
0.000000000000000000e+00
7.752223014831542969e+00
0.000000000000000000e+00
0.000000000000000000e+00
0.000000000000000000e+00
0.000000000000000000e+00
7.492331266403198242e-01
8.267691135406494141e-01
6.410543918609619141e-01
0.000000000000000000e+00
0.000000000000000000e+00
0.000000000000000000e+00
5.470465660095214844e+00
0.000000000000000000e+00
4.729130744934082031e+00
7.908188819885253906e+00
1.014906311035156250e+01
1.511213302612304688e+01
0.000000000000000000e+00
0.000000000000000000e+00
0.000000000000000000e+00
6.098996162414550781e+00
1.009060263633728027e+00
3.609417438507080078e+00
1.198736310005187988e+00
9.208672523498535156e+00
9.819652557373046875e+00
0.000000000000000000e+00
0.000000000000000000e+00
0.000000000000000000e+00
3.247624874114990234e+00
0.000000000000000000e+00
6.511555194854736328e+00
1.229948329925537109e+01
2.005700874328613281e+01
0.000000000000000000e+00
0.000000000000000000e+00
0.000000000000000000e+00
4.451132774353027344e+00
1.863331437110900879e+00
6.303833007812500000e+00
0.000000000000000000e+00
0.000000000000000000e+00
0.000000000000000000e+00
0.000000000000000000e+00
6.889431953430175781e+00
0.000000000000000000e+00
0.000000000000000000e+00
0.000000000000000000e+00
0.000000000000000000e+00
1.284275412559509277e+00
1.218572258949279785e+00
1.152913689613342285e+00
0.000000000000000000e+00
0.000000000000000000e+00
0.000000000000000000e+00
6.888075351715087891e+00
0.000000000000000000e+00
3.116759777069091797e+00
1.032634067535400391e+01
8.049181938171386719e+00
0.000000000000000000e+00
0.000000000000000000e+00
0.000000000000000000e+00
5.848814964294433594e+00
0.000000000000000000e+00
2.772958040237426758e+00
1.025508022308349609e+01
7.928005218505859375e+00
0.000000000000000000e+00
0.000000000000000000e+00
0.000000000000000000e+00
3.874993562698364258e+00
0.000000000000000000e+00
1.833727002143859863e+00
1.646359634399414062e+01
1.571866321563720703e+01
0.000000000000000000e+00
0.000000000000000000e+00
0.000000000000000000e+00
7.748100280761718750e+00
1.293945550918579102e+00
6.146834373474121094e+00
0.000000000000000000e+00
0.000000000000000000e+00
0.000000000000000000e+00
0.000000000000000000e+00
5.758791446685791016e+00
0.000000000000000000e+00
3.995514631271362305e+00
3.073437452316284180e+00
8.046923637390136719e+00
1.032621383666992188e+01
0.000000000000000000e+00
0.000000000000000000e+00
0.000000000000000000e+00
4.890660762786865234e+00
0.000000000000000000e+00
5.532508492469787598e-01
9.677956581115722656e+00
1.144540882110595703e+01
0.000000000000000000e+00
0.000000000000000000e+00
0.000000000000000000e+00
5.287338733673095703e+00
1.748392486572265625e+01
0.000000000000000000e+00
0.000000000000000000e+00
0.000000000000000000e+00
6.639650821685791016e+00
2.267551183700561523e+00
4.698598384857177734e+00
5.444849967956542969e+00
0.000000000000000000e+00
3.182645082473754883e+00
9.868540763854980469e+00
1.207004165649414062e+01
0.000000000000000000e+00
0.000000000000000000e+00
0.000000000000000000e+00
7.824318408966064453e+00
0.000000000000000000e+00
0.000000000000000000e+00
0.000000000000000000e+00
0.000000000000000000e+00
1.260942935943603516e+00
1.217864871025085449e+00
1.217094302177429199e+00
0.000000000000000000e+00
0.000000000000000000e+00
0.000000000000000000e+00
5.275202274322509766e+00
2.024671077728271484e+00
6.352644920349121094e+00
8.177696228027343750e+00
1.232549190521240234e+01
1.686648750305175781e+01
0.000000000000000000e+00
0.000000000000000000e+00
0.000000000000000000e+00
6.935876846313476562e+00
0.000000000000000000e+00
8.236481666564941406e+00
1.491427516937255859e+01
0.000000000000000000e+00
0.000000000000000000e+00
0.000000000000000000e+00
6.228591442108154297e+00
0.000000000000000000e+00
0.000000000000000000e+00
0.000000000000000000e+00
2.630293965339660645e-01
3.734652519226074219e+00
0.000000000000000000e+00
0.000000000000000000e+00
2.306944131851196289e+00
0.000000000000000000e+00
5.924133300781250000e+00
0.000000000000000000e+00
0.000000000000000000e+00
0.000000000000000000e+00
5.679641723632812500e+00
0.000000000000000000e+00
8.209970474243164062e+00
1.597747039794921875e+01
0.000000000000000000e+00
0.000000000000000000e+00
0.000000000000000000e+00
6.246544361114501953e+00
3.152579069137573242e+00
6.355796337127685547e+00
5.851515293121337891e+00
0.000000000000000000e+00
2.835479974746704102e+00
9.400162696838378906e+00
1.221288013458251953e+01
0.000000000000000000e+00
0.000000000000000000e+00
0.000000000000000000e+00
7.592405319213867188e+00
0.000000000000000000e+00
6.028319358825683594e+00
1.195955657958984375e+01
1.887784576416015625e+01
0.000000000000000000e+00
0.000000000000000000e+00
0.000000000000000000e+00
5.679459571838378906e+00
0.000000000000000000e+00
1.685068249702453613e+00
1.692170715332031250e+01
1.453246021270751953e+01
0.000000000000000000e+00
0.000000000000000000e+00
0.000000000000000000e+00
7.482037067413330078e+00
2.905730724334716797e+00
8.189590454101562500e+00
5.122387409210205078e+00
0.000000000000000000e+00
3.494066238403320312e+00
1.011106872558593750e+01
1.243971157073974609e+01
0.000000000000000000e+00
0.000000000000000000e+00
0.000000000000000000e+00
5.114475727081298828e+00
8.785965442657470703e-01
2.919074892997741699e-01
2.788857460021972656e+00
9.618549346923828125e+00
9.621758460998535156e+00
0.000000000000000000e+00
0.000000000000000000e+00
0.000000000000000000e+00
6.212484836578369141e+00
0.000000000000000000e+00
1.381448173522949219e+01
1.607157897949218750e+01
0.000000000000000000e+00
0.000000000000000000e+00
0.000000000000000000e+00
5.988303184509277344e+00
0.000000000000000000e+00
1.590428829193115234e+00
7.210664272308349609e+00
1.001636123657226562e+01
0.000000000000000000e+00
0.000000000000000000e+00
0.000000000000000000e+00
6.712349414825439453e+00
1.323107719421386719e+00
2.750433206558227539e+00
3.169381380081176758e+00
8.065905570983886719e+00
1.029444408416748047e+01
0.000000000000000000e+00
2.393587827682495117e+00
0.000000000000000000e+00
6.779816627502441406e+00
0.000000000000000000e+00
0.000000000000000000e+00
0.000000000000000000e+00
6.422053813934326172e+00
0.000000000000000000e+00
1.186585617065429688e+01
1.585192680358886719e+01
0.000000000000000000e+00
0.000000000000000000e+00
0.000000000000000000e+00
7.502507209777832031e+00
2.910123109817504883e+00
7.216104507446289062e+00
8.243432044982910156e+00
1.318974781036376953e+01
1.683513259887695312e+01
0.000000000000000000e+00
0.000000000000000000e+00
0.000000000000000000e+00
5.870122909545898438e+00
1.638162231445312500e+01
0.000000000000000000e+00
0.000000000000000000e+00
0.000000000000000000e+00
5.716829299926757812e+00
0.000000000000000000e+00
2.056024312973022461e+00
1.666993141174316406e+01
1.445660781860351562e+01
0.000000000000000000e+00
0.000000000000000000e+00
0.000000000000000000e+00
2.266127109527587891e+00
8.528076171875000000e+00
1.316884708404541016e+01
0.000000000000000000e+00
0.000000000000000000e+00
0.000000000000000000e+00
2.264787435531616211e+00
0.000000000000000000e+00
1.412895870208740234e+01
1.586125183105468750e+01
0.000000000000000000e+00
0.000000000000000000e+00
0.000000000000000000e+00
3.187923192977905273e+00
0.000000000000000000e+00
2.232259750366210938e+00
7.955077171325683594e+00
1.016670417785644531e+01
0.000000000000000000e+00
0.000000000000000000e+00
0.000000000000000000e+00
4.387294769287109375e+00
0.000000000000000000e+00
0.000000000000000000e+00
0.000000000000000000e+00
0.000000000000000000e+00
1.225081086158752441e+00
1.182166337966918945e+00
1.262157678604125977e+00
0.000000000000000000e+00
2.710216999053955078e+00
0.000000000000000000e+00
7.727544307708740234e+00
0.000000000000000000e+00
0.000000000000000000e+00
0.000000000000000000e+00
4.176259040832519531e+00
0.000000000000000000e+00
1.122758388519287109e+00
1.025988864898681641e+01
5.164268493652343750e+00
0.000000000000000000e+00
0.000000000000000000e+00
0.000000000000000000e+00
6.032593727111816406e+00
7.461094856262207031e+00
2.205757713317871094e+01
0.000000000000000000e+00
0.000000000000000000e+00
0.000000000000000000e+00
6.171759605407714844e+00
3.430159330368041992e+00
7.729676723480224609e+00
8.776557922363281250e+00
1.354701900482177734e+01
1.723090171813964844e+01
0.000000000000000000e+00
0.000000000000000000e+00
0.000000000000000000e+00
5.885021686553955078e+00
0.000000000000000000e+00
0.000000000000000000e+00
0.000000000000000000e+00
0.000000000000000000e+00
7.947165966033935547e-01
7.088370919227600098e-01
8.666291832923889160e-01
0.000000000000000000e+00
0.000000000000000000e+00
0.000000000000000000e+00
5.252779483795166016e+00
0.000000000000000000e+00
1.326720833778381348e+00
9.849922180175781250e+00
7.843734741210937500e+00
0.000000000000000000e+00
0.000000000000000000e+00
0.000000000000000000e+00
5.375416755676269531e+00
0.000000000000000000e+00
2.959933996200561523e+00
8.108820915222167969e+00
1.045564937591552734e+01
0.000000000000000000e+00
0.000000000000000000e+00
0.000000000000000000e+00
7.578364372253417969e+00
0.000000000000000000e+00
1.364603233337402344e+01
1.494219398498535156e+01
0.000000000000000000e+00
0.000000000000000000e+00
0.000000000000000000e+00
6.782201290130615234e+00
0.000000000000000000e+00
0.000000000000000000e+00
0.000000000000000000e+00
0.000000000000000000e+00
0.000000000000000000e+00
0.000000000000000000e+00
0.000000000000000000e+00
0.000000000000000000e+00
1.146511673927307129e+00
1.165095925331115723e+00
0.000000000000000000e+00
0.000000000000000000e+00
0.000000000000000000e+00
6.603960514068603516e+00
1.545280456542968750e+00
7.941031932830810547e+00
8.907358169555664062e+00
1.134778022766113281e+01
1.715237045288085938e+01
0.000000000000000000e+00
0.000000000000000000e+00
0.000000000000000000e+00
6.533038616180419922e+00
5.735620260238647461e-01
4.094419956207275391e+00
8.149419784545898438e+00
1.082328033447265625e+01
1.615887260437011719e+01
0.000000000000000000e+00
0.000000000000000000e+00
0.000000000000000000e+00
4.172905445098876953e+00
0.000000000000000000e+00
5.051209926605224609e-01
1.641152572631835938e+01
1.690261650085449219e+01
0.000000000000000000e+00
0.000000000000000000e+00
0.000000000000000000e+00
6.820840835571289062e+00
1.675927352905273438e+01
0.000000000000000000e+00
0.000000000000000000e+00
0.000000000000000000e+00
6.271026134490966797e+00
1.136348545551300049e-01
7.209823727607727051e-01
2.909268617630004883e+00
8.265387535095214844e+00
1.181714057922363281e+01
0.000000000000000000e+00
0.000000000000000000e+00
0.000000000000000000e+00
6.436001777648925781e+00
0.000000000000000000e+00
1.072521686553955078e+01
1.208898735046386719e+01
0.000000000000000000e+00
0.000000000000000000e+00
0.000000000000000000e+00
4.821650505065917969e+00
0.000000000000000000e+00
0.000000000000000000e+00
0.000000000000000000e+00
0.000000000000000000e+00
0.000000000000000000e+00
0.000000000000000000e+00
0.000000000000000000e+00
0.000000000000000000e+00
0.000000000000000000e+00
5.775383949279785156e+00
0.000000000000000000e+00
0.000000000000000000e+00
0.000000000000000000e+00
1.108061522245407104e-01
4.775415420532226562e+00
0.000000000000000000e+00
0.000000000000000000e+00
3.220738887786865234e+00
0.000000000000000000e+00
7.764149188995361328e+00
0.000000000000000000e+00
0.000000000000000000e+00
0.000000000000000000e+00
4.728309631347656250e+00
2.993906259536743164e+00
6.430767536163330078e+00
9.066685676574707031e+00
1.375866603851318359e+01
1.721351623535156250e+01
0.000000000000000000e+00
0.000000000000000000e+00
0.000000000000000000e+00
5.563200950622558594e+00
1.628483891487121582e+00
5.437289237976074219e+00
8.749979019165039062e+00
1.351441955566406250e+01
1.713859176635742188e+01
0.000000000000000000e+00
0.000000000000000000e+00
0.000000000000000000e+00
4.483206272125244141e+00
0.000000000000000000e+00
1.434420490264892578e+01
1.588265514373779297e+01
0.000000000000000000e+00
0.000000000000000000e+00
0.000000000000000000e+00
3.482146978378295898e+00
5.597387552261352539e-01
9.971025586128234863e-01
3.049605369567871094e+00
7.816478729248046875e+00
1.019620990753173828e+01
0.000000000000000000e+00
0.000000000000000000e+00
0.000000000000000000e+00
5.626274108886718750e+00
2.964132547378540039e+00
6.077133655548095703e+00
5.292992115020751953e+00
0.000000000000000000e+00
3.409073114395141602e+00
9.982464790344238281e+00
1.218350410461425781e+01
0.000000000000000000e+00
0.000000000000000000e+00
0.000000000000000000e+00
7.012400627136230469e+00
3.041589021682739258e+00
6.494131565093994141e+00
6.043317794799804688e+00
0.000000000000000000e+00
3.418045043945312500e+00
1.022182178497314453e+01
1.221264648437500000e+01
0.000000000000000000e+00
0.000000000000000000e+00
0.000000000000000000e+00
7.876191139221191406e+00
8.772049903869628906e+00
1.169012355804443359e+01
0.000000000000000000e+00
0.000000000000000000e+00
0.000000000000000000e+00
6.414270877838134766e+00
0.000000000000000000e+00
0.000000000000000000e+00
0.000000000000000000e+00
0.000000000000000000e+00
0.000000000000000000e+00
0.000000000000000000e+00
0.000000000000000000e+00
1.006819915771484375e+01
0.000000000000000000e+00
0.000000000000000000e+00
0.000000000000000000e+00
6.484766960144042969e+00
0.000000000000000000e+00
1.333459019660949707e+00
7.342764377593994141e+00
9.235267639160156250e+00
0.000000000000000000e+00
0.000000000000000000e+00
0.000000000000000000e+00
7.484359741210937500e+00
1.440437436103820801e+00
3.819035530090332031e+00
2.910271406173706055e+00
7.510832786560058594e+00
9.972081184387207031e+00
0.000000000000000000e+00
0.000000000000000000e+00
0.000000000000000000e+00
3.107130289077758789e+00
0.000000000000000000e+00
1.022812008857727051e+00
1.492486095428466797e+01
1.722768020629882812e+01
0.000000000000000000e+00
0.000000000000000000e+00
0.000000000000000000e+00
4.578256130218505859e+00
8.550960421562194824e-01
4.716279983520507812e+00
8.112627029418945312e+00
1.175111007690429688e+01
1.320393180847167969e+01
0.000000000000000000e+00
0.000000000000000000e+00
0.000000000000000000e+00
5.912808418273925781e+00
5.356909036636352539e-01
1.586092710494995117e+00
9.688370704650878906e+00
5.408674716949462891e+00
0.000000000000000000e+00
0.000000000000000000e+00
0.000000000000000000e+00
1.020743727684020996e+00
0.000000000000000000e+00
6.417528152465820312e+00
1.314150524139404297e+01
1.910712814331054688e+01
0.000000000000000000e+00
0.000000000000000000e+00
0.000000000000000000e+00
6.215426921844482422e+00
0.000000000000000000e+00
5.952317714691162109e+00
1.179842662811279297e+01
2.052986717224121094e+01
0.000000000000000000e+00
0.000000000000000000e+00
0.000000000000000000e+00
6.046657085418701172e+00
0.000000000000000000e+00
5.693752765655517578e+00
1.096996116638183594e+01
1.945002746582031250e+01
0.000000000000000000e+00
0.000000000000000000e+00
0.000000000000000000e+00
5.815745830535888672e+00
2.637682482600212097e-02
3.547706604003906250e+00
2.822124004364013672e+00
8.251596450805664062e+00
8.134442329406738281e+00
0.000000000000000000e+00
0.000000000000000000e+00
0.000000000000000000e+00
5.089868545532226562e+00
0.000000000000000000e+00
1.279796218872070312e+01
1.327878189086914062e+01
0.000000000000000000e+00
0.000000000000000000e+00
0.000000000000000000e+00
4.996809482574462891e+00
0.000000000000000000e+00
1.467689323425292969e+01
1.668150711059570312e+01
0.000000000000000000e+00
0.000000000000000000e+00
0.000000000000000000e+00
5.915139675140380859e+00
6.632594585418701172e+00
2.753190422058105469e+01
0.000000000000000000e+00
0.000000000000000000e+00
0.000000000000000000e+00
6.966048240661621094e+00
9.292797088623046875e+00
1.293636131286621094e+01
0.000000000000000000e+00
0.000000000000000000e+00
0.000000000000000000e+00
7.534743309020996094e+00
7.293715476989746094e+00
2.285773086547851562e+01
0.000000000000000000e+00
0.000000000000000000e+00
0.000000000000000000e+00
3.735761165618896484e+00
0.000000000000000000e+00
1.725157165527343750e+01
1.410507297515869141e+01
0.000000000000000000e+00
0.000000000000000000e+00
0.000000000000000000e+00
6.318061828613281250e+00
1.681240081787109375e+01
0.000000000000000000e+00
0.000000000000000000e+00
0.000000000000000000e+00
6.076011657714843750e+00
0.000000000000000000e+00
1.522554039955139160e+00
1.742304420471191406e+01
1.573414039611816406e+01
0.000000000000000000e+00
0.000000000000000000e+00
0.000000000000000000e+00
4.139848232269287109e+00
0.000000000000000000e+00
0.000000000000000000e+00
8.176112174987792969e+00
1.144479846954345703e+01
0.000000000000000000e+00
0.000000000000000000e+00
0.000000000000000000e+00
6.133300304412841797e+00
1.763542890548706055e-01
0.000000000000000000e+00
0.000000000000000000e+00
7.764890670776367188e+00
9.811117172241210938e+00
0.000000000000000000e+00
0.000000000000000000e+00
0.000000000000000000e+00
7.585941791534423828e+00
3.131259441375732422e+00
7.701700210571289062e+00
8.550601959228515625e+00
1.352023696899414062e+01
1.712038993835449219e+01
0.000000000000000000e+00
0.000000000000000000e+00
0.000000000000000000e+00
5.764127254486083984e+00
6.698634624481201172e-01
2.779637098312377930e+00
2.779590606689453125e+00
7.711778163909912109e+00
1.165458202362060547e+01
0.000000000000000000e+00
0.000000000000000000e+00
0.000000000000000000e+00
5.517268180847167969e+00
0.000000000000000000e+00
1.434490966796875000e+01
1.634516143798828125e+01
0.000000000000000000e+00
0.000000000000000000e+00
0.000000000000000000e+00
6.747435569763183594e+00
0.000000000000000000e+00
0.000000000000000000e+00
0.000000000000000000e+00
0.000000000000000000e+00
2.230364084243774414e+00
0.000000000000000000e+00
0.000000000000000000e+00
0.000000000000000000e+00
0.000000000000000000e+00
6.357142925262451172e+00
1.744562149047851562e+01
0.000000000000000000e+00
0.000000000000000000e+00
0.000000000000000000e+00
6.424337387084960938e+00
0.000000000000000000e+00
0.000000000000000000e+00
0.000000000000000000e+00
0.000000000000000000e+00
0.000000000000000000e+00
0.000000000000000000e+00
0.000000000000000000e+00
9.569104194641113281e+00
0.000000000000000000e+00
0.000000000000000000e+00
0.000000000000000000e+00
5.985763549804687500e+00
0.000000000000000000e+00
0.000000000000000000e+00
0.000000000000000000e+00
0.000000000000000000e+00
3.753915786743164062e+00
0.000000000000000000e+00
0.000000000000000000e+00
0.000000000000000000e+00
0.000000000000000000e+00
5.388215541839599609e+00
1.451889276504516602e+00
6.232749462127685547e+00
7.808140277862548828e+00
1.186735343933105469e+01
1.638723754882812500e+01
0.000000000000000000e+00
0.000000000000000000e+00
0.000000000000000000e+00
7.254247188568115234e+00
0.000000000000000000e+00
0.000000000000000000e+00
0.000000000000000000e+00
0.000000000000000000e+00
1.821305871009826660e+00
1.949222803115844727e+00
2.004150629043579102e+00
0.000000000000000000e+00
0.000000000000000000e+00
0.000000000000000000e+00
4.786643505096435547e+00
0.000000000000000000e+00
0.000000000000000000e+00
0.000000000000000000e+00
0.000000000000000000e+00
9.529820680618286133e-01
1.001006484031677246e+00
1.066882491111755371e+00
0.000000000000000000e+00
0.000000000000000000e+00
0.000000000000000000e+00
4.589698791503906250e+00
0.000000000000000000e+00
1.715190172195434570e+00
7.101682662963867188e+00
7.834394931793212891e+00
0.000000000000000000e+00
0.000000000000000000e+00
0.000000000000000000e+00
5.219785213470458984e+00
2.420392036437988281e+00
5.997329711914062500e+00
3.013937473297119141e+00
0.000000000000000000e+00
3.026646375656127930e+00
9.765894889831542969e+00
1.199189662933349609e+01
0.000000000000000000e+00
0.000000000000000000e+00
0.000000000000000000e+00
7.150329589843750000e+00
1.638969039916992188e+01
0.000000000000000000e+00
0.000000000000000000e+00
0.000000000000000000e+00
6.151224613189697266e+00
0.000000000000000000e+00
0.000000000000000000e+00
0.000000000000000000e+00
0.000000000000000000e+00
0.000000000000000000e+00
0.000000000000000000e+00
0.000000000000000000e+00
1.010878086090087891e+01
0.000000000000000000e+00
0.000000000000000000e+00
0.000000000000000000e+00
7.161546707153320312e+00
0.000000000000000000e+00
6.866474747657775879e-01
6.616392612457275391e+00
7.360596656799316406e+00
0.000000000000000000e+00
0.000000000000000000e+00
0.000000000000000000e+00
5.129610061645507812e+00
0.000000000000000000e+00
6.321722507476806641e+00
1.343038654327392578e+01
2.084277915954589844e+01
0.000000000000000000e+00
0.000000000000000000e+00
0.000000000000000000e+00
7.248896598815917969e+00
1.728441047668457031e+01
0.000000000000000000e+00
0.000000000000000000e+00
0.000000000000000000e+00
6.534963607788085938e+00
0.000000000000000000e+00
0.000000000000000000e+00
0.000000000000000000e+00
0.000000000000000000e+00
9.396457672119140625e-01
9.464097023010253906e-01
9.367508888244628906e-01
0.000000000000000000e+00
0.000000000000000000e+00
0.000000000000000000e+00
7.658140659332275391e+00
1.777013206481933594e+01
0.000000000000000000e+00
0.000000000000000000e+00
0.000000000000000000e+00
7.639606952667236328e+00
1.243881583213806152e+00
2.114655017852783203e+00
1.251075863838195801e+00
8.579025268554687500e+00
1.021712017059326172e+01
0.000000000000000000e+00
0.000000000000000000e+00
0.000000000000000000e+00
4.431645870208740234e+00
2.506960391998291016e+00
8.376461029052734375e+00
1.828712081909179688e+01
2.301797294616699219e+01
0.000000000000000000e+00
0.000000000000000000e+00
0.000000000000000000e+00
6.344870090484619141e+00
1.681013679504394531e+01
0.000000000000000000e+00
0.000000000000000000e+00
0.000000000000000000e+00
6.303692817687988281e+00
2.005581855773925781e+00
5.697127819061279297e+00
8.487255096435546875e+00
1.324490261077880859e+01
1.708118247985839844e+01
2.378925085067749023e+00
2.060375595092773438e+01
0.000000000000000000e+00
0.000000000000000000e+00
0.000000000000000000e+00
0.000000000000000000e+00
0.000000000000000000e+00
0.000000000000000000e+00
0.000000000000000000e+00
0.000000000000000000e+00
1.605219459533691406e+01
0.000000000000000000e+00
3.961006402969360352e+00
2.721240282058715820e+00
1.052248191833496094e+01
7.129371166229248047e+00
0.000000000000000000e+00
0.000000000000000000e+00
0.000000000000000000e+00
0.000000000000000000e+00
1.613829421997070312e+01
5.227612495422363281e+00
1.908260345458984375e+01
0.000000000000000000e+00
0.000000000000000000e+00
0.000000000000000000e+00
0.000000000000000000e+00
1.556303215026855469e+01
4.992751121520996094e+00
1.983173370361328125e+01
0.000000000000000000e+00
0.000000000000000000e+00
0.000000000000000000e+00
0.000000000000000000e+00
1.809020805358886719e+01
9.405344724655151367e-01
3.394281864166259766e+00
2.770901679992675781e+00
1.014929580688476562e+01
7.678832054138183594e+00
0.000000000000000000e+00
0.000000000000000000e+00
0.000000000000000000e+00
0.000000000000000000e+00
0.000000000000000000e+00
7.489023685455322266e+00
1.448282909393310547e+01
2.538534164428710938e+01
2.844888114929199219e+01
1.298544883728027344e+01
0.000000000000000000e+00
0.000000000000000000e+00
4.852923870086669922e+00
2.445040225982666016e+00
8.012336730957031250e+00
1.895732879638671875e+01
2.344422912597656250e+01
0.000000000000000000e+00
0.000000000000000000e+00
0.000000000000000000e+00
3.321717262268066406e+00
0.000000000000000000e+00
3.966811299324035645e-01
7.271569728851318359e+00
1.096682453155517578e+01
0.000000000000000000e+00
0.000000000000000000e+00
0.000000000000000000e+00
5.939164161682128906e+00
8.089537620544433594e+00
1.292048168182373047e+01
0.000000000000000000e+00
0.000000000000000000e+00
0.000000000000000000e+00
6.826930046081542969e+00
9.594122767448425293e-01
3.395856618881225586e+00
3.099456787109375000e+00
8.044392585754394531e+00
1.024388790130615234e+01
0.000000000000000000e+00
0.000000000000000000e+00
0.000000000000000000e+00
7.289889335632324219e+00
1.234971046447753906e+00
3.668437004089355469e+00
2.758514642715454102e+00
6.017363548278808594e+00
9.392974853515625000e+00
0.000000000000000000e+00
0.000000000000000000e+00
0.000000000000000000e+00
6.940871715545654297e+00
0.000000000000000000e+00
1.370454692840576172e+01
1.547490501403808594e+01
0.000000000000000000e+00
0.000000000000000000e+00
0.000000000000000000e+00
4.965088367462158203e+00
0.000000000000000000e+00
1.343266367912292480e+00
1.053196239471435547e+01
1.204245281219482422e+01
0.000000000000000000e+00
0.000000000000000000e+00
0.000000000000000000e+00
3.327566146850585938e+00
0.000000000000000000e+00
2.280078649520874023e+00
7.425889968872070312e+00
9.903372764587402344e+00
0.000000000000000000e+00
0.000000000000000000e+00
0.000000000000000000e+00
4.445508956909179688e+00
0.000000000000000000e+00
5.281296253204345703e+00
1.286427593231201172e+01
2.016544151306152344e+01
0.000000000000000000e+00
0.000000000000000000e+00
0.000000000000000000e+00
5.552305698394775391e+00
1.626288056373596191e+00
5.648386478424072266e+00
7.328596115112304688e+00
1.287207317352294922e+01
1.491374778747558594e+01
0.000000000000000000e+00
0.000000000000000000e+00
0.000000000000000000e+00
5.853425979614257812e+00
0.000000000000000000e+00
7.390585899353027344e+00
6.197986602783203125e+00
0.000000000000000000e+00
1.432528853416442871e+00
9.821285247802734375e+00
1.201684856414794922e+01
0.000000000000000000e+00
0.000000000000000000e+00
0.000000000000000000e+00
6.192655563354492188e+00
0.000000000000000000e+00
6.165627479553222656e+00
1.643456077575683594e+01
0.000000000000000000e+00
0.000000000000000000e+00
0.000000000000000000e+00
4.679337024688720703e+00
0.000000000000000000e+00
0.000000000000000000e+00
0.000000000000000000e+00
0.000000000000000000e+00
0.000000000000000000e+00
0.000000000000000000e+00
0.000000000000000000e+00
0.000000000000000000e+00
1.291568994522094727e+00
1.078472733497619629e+00
0.000000000000000000e+00
0.000000000000000000e+00
0.000000000000000000e+00
6.281062602996826172e+00
2.176472187042236328e+00
4.400593757629394531e+00
1.555871248245239258e+00
8.887084960937500000e+00
1.022650432586669922e+01
0.000000000000000000e+00
0.000000000000000000e+00
0.000000000000000000e+00
7.754189014434814453e+00
0.000000000000000000e+00
1.469605255126953125e+01
1.610412597656250000e+01
0.000000000000000000e+00
0.000000000000000000e+00
0.000000000000000000e+00
6.769372463226318359e+00
0.000000000000000000e+00
1.306223106384277344e+01
1.575649833679199219e+01
0.000000000000000000e+00
0.000000000000000000e+00
0.000000000000000000e+00
6.774282455444335938e+00
1.701128005981445312e+01
0.000000000000000000e+00
0.000000000000000000e+00
0.000000000000000000e+00
7.508853912353515625e+00
1.689543533325195312e+01
0.000000000000000000e+00
0.000000000000000000e+00
0.000000000000000000e+00
2.137466430664062500e+00
7.860121726989746094e-01
2.354876518249511719e+00
8.215638160705566406e+00
1.326775646209716797e+01
1.382697772979736328e+01
0.000000000000000000e+00
0.000000000000000000e+00
0.000000000000000000e+00
6.291029453277587891e+00
2.150278568267822266e+00
7.838160991668701172e+00
1.860701751708984375e+01
2.139292907714843750e+01
0.000000000000000000e+00
0.000000000000000000e+00
0.000000000000000000e+00
4.642056941986083984e+00
0.000000000000000000e+00
1.017764759063720703e+01
1.408700180053710938e+01
0.000000000000000000e+00
0.000000000000000000e+00
0.000000000000000000e+00
6.617516517639160156e+00
0.000000000000000000e+00
2.460686445236206055e+00
2.427981138229370117e+00
8.100487709045410156e+00
9.995922088623046875e+00
0.000000000000000000e+00
0.000000000000000000e+00
0.000000000000000000e+00
7.739778518676757812e+00
1.751163482666015625e+01
0.000000000000000000e+00
1.766604423522949219e+00
0.000000000000000000e+00
7.464549541473388672e+00
0.000000000000000000e+00
0.000000000000000000e+00
0.000000000000000000e+00
5.370387554168701172e+00
0.000000000000000000e+00
1.387033176422119141e+01
1.458780193328857422e+01
0.000000000000000000e+00
0.000000000000000000e+00
0.000000000000000000e+00
6.965355396270751953e+00
1.878629684448242188e+00
2.308958530426025391e+00
1.243373751640319824e+00
1.007885837554931641e+01
9.503272056579589844e+00
0.000000000000000000e+00
0.000000000000000000e+00
0.000000000000000000e+00
5.117398262023925781e+00
1.691663980484008789e+00
6.711976528167724609e+00
1.854786300659179688e+01
2.290448951721191406e+01
0.000000000000000000e+00
0.000000000000000000e+00
0.000000000000000000e+00
6.252188205718994141e+00
0.000000000000000000e+00
1.721649408340454102e+00
1.684551429748535156e+01
1.481744861602783203e+01
0.000000000000000000e+00
0.000000000000000000e+00
0.000000000000000000e+00
7.112798213958740234e+00
8.470571637153625488e-01
7.147492408752441406e+00
7.869053363800048828e+00
1.313079833984375000e+01
1.679478073120117188e+01
0.000000000000000000e+00
0.000000000000000000e+00
0.000000000000000000e+00
4.311781883239746094e+00
2.395356655120849609e+00
7.139910697937011719e+00
5.480164051055908203e+00
0.000000000000000000e+00
3.301671504974365234e+00
9.883369445800781250e+00
1.221035385131835938e+01
0.000000000000000000e+00
0.000000000000000000e+00
0.000000000000000000e+00
6.402250289916992188e+00
0.000000000000000000e+00
0.000000000000000000e+00
0.000000000000000000e+00
0.000000000000000000e+00
0.000000000000000000e+00
0.000000000000000000e+00
0.000000000000000000e+00
8.700613021850585938e+00
0.000000000000000000e+00
0.000000000000000000e+00
0.000000000000000000e+00
5.446800708770751953e+00
0.000000000000000000e+00
0.000000000000000000e+00
0.000000000000000000e+00
0.000000000000000000e+00
1.295847654342651367e+00
1.269114494323730469e+00
1.429771423339843750e+00
0.000000000000000000e+00
0.000000000000000000e+00
0.000000000000000000e+00
7.477891445159912109e+00
2.702397346496582031e+00
6.034032344818115234e+00
7.664186954498291016e+00
1.354998683929443359e+01
1.730635452270507812e+01
0.000000000000000000e+00
0.000000000000000000e+00
0.000000000000000000e+00
7.747562408447265625e+00
2.698157787322998047e+00
5.879920005798339844e+00
7.314044475555419922e+00
1.274732589721679688e+01
1.643480110168457031e+01
0.000000000000000000e+00
0.000000000000000000e+00
0.000000000000000000e+00
5.284397125244140625e+00
0.000000000000000000e+00
0.000000000000000000e+00
0.000000000000000000e+00
0.000000000000000000e+00
0.000000000000000000e+00
0.000000000000000000e+00
0.000000000000000000e+00
9.146819114685058594e+00
0.000000000000000000e+00
0.000000000000000000e+00
0.000000000000000000e+00
4.707537651062011719e+00
1.373278021812438965e+00
5.282404899597167969e+00
2.622767686843872070e-01
0.000000000000000000e+00
0.000000000000000000e+00
0.000000000000000000e+00
6.438780784606933594e+00
0.000000000000000000e+00
0.000000000000000000e+00
0.000000000000000000e+00
4.589352905750274658e-01
4.784486770629882812e+00
0.000000000000000000e+00
0.000000000000000000e+00
0.000000000000000000e+00
0.000000000000000000e+00
5.053559780120849609e+00
0.000000000000000000e+00
1.631477236747741699e+00
9.931569099426269531e+00
7.370768070220947266e+00
0.000000000000000000e+00
0.000000000000000000e+00
0.000000000000000000e+00
6.884686470031738281e+00
0.000000000000000000e+00
2.239492416381835938e+00
1.422974205017089844e+01
1.685402297973632812e+01
0.000000000000000000e+00
0.000000000000000000e+00
0.000000000000000000e+00
6.717080116271972656e+00
0.000000000000000000e+00
2.035352468490600586e+00
6.974125862121582031e+00
1.142997264862060547e+01
0.000000000000000000e+00
0.000000000000000000e+00
0.000000000000000000e+00
5.874554634094238281e+00
0.000000000000000000e+00
0.000000000000000000e+00
0.000000000000000000e+00
3.657614290714263916e-01
4.711863040924072266e+00
0.000000000000000000e+00
0.000000000000000000e+00
0.000000000000000000e+00
0.000000000000000000e+00
4.198777198791503906e+00
0.000000000000000000e+00
0.000000000000000000e+00
0.000000000000000000e+00
0.000000000000000000e+00
1.206089258193969727e+00
1.184887528419494629e+00
1.268030762672424316e+00
0.000000000000000000e+00
0.000000000000000000e+00
0.000000000000000000e+00
6.129387855529785156e+00
1.248727798461914062e+00
5.965405464172363281e+00
0.000000000000000000e+00
0.000000000000000000e+00
0.000000000000000000e+00
0.000000000000000000e+00
7.386627674102783203e+00
0.000000000000000000e+00
0.000000000000000000e+00
0.000000000000000000e+00
0.000000000000000000e+00
0.000000000000000000e+00
0.000000000000000000e+00
0.000000000000000000e+00
0.000000000000000000e+00
1.020619034767150879e+00
1.006309151649475098e+00
0.000000000000000000e+00
0.000000000000000000e+00
0.000000000000000000e+00
6.138418674468994141e+00
0.000000000000000000e+00
0.000000000000000000e+00
0.000000000000000000e+00
0.000000000000000000e+00
1.000183343887329102e+00
9.871938228607177734e-01
1.084335088729858398e+00
0.000000000000000000e+00
0.000000000000000000e+00
0.000000000000000000e+00
6.780526638031005859e+00
2.573806524276733398e+00
6.720248222351074219e+00
7.538415431976318359e+00
1.279513168334960938e+01
1.538438796997070312e+01
0.000000000000000000e+00
0.000000000000000000e+00
0.000000000000000000e+00
5.143974304199218750e+00
8.024400472640991211e-01
2.871845483779907227e+00
2.626551389694213867e+00
9.588001251220703125e+00
1.007972621917724609e+01
0.000000000000000000e+00
0.000000000000000000e+00
0.000000000000000000e+00
4.378319263458251953e+00
0.000000000000000000e+00
5.335632324218750000e+00
1.238036060333251953e+01
1.884962463378906250e+01
0.000000000000000000e+00
0.000000000000000000e+00
0.000000000000000000e+00
3.995265245437622070e+00
1.411532402038574219e+00
5.121982574462890625e+00
9.644270688295364380e-02
0.000000000000000000e+00
0.000000000000000000e+00
0.000000000000000000e+00
6.558801651000976562e+00
1.761515426635742188e+01
0.000000000000000000e+00
0.000000000000000000e+00
0.000000000000000000e+00
7.583198070526123047e+00
0.000000000000000000e+00
3.046944856643676758e+00
9.684740066528320312e+00
1.021681976318359375e+01
0.000000000000000000e+00
0.000000000000000000e+00
0.000000000000000000e+00
5.548920154571533203e+00
0.000000000000000000e+00
5.538724064826965332e-01
7.962536811828613281e+00
9.963102340698242188e+00
0.000000000000000000e+00
0.000000000000000000e+00
0.000000000000000000e+00
7.126440048217773438e+00
0.000000000000000000e+00
1.046732068061828613e+00
1.482657909393310547e+01
1.654084777832031250e+01
0.000000000000000000e+00
0.000000000000000000e+00
0.000000000000000000e+00
6.464127063751220703e+00
3.643914759159088135e-01
5.120970249176025391e+00
0.000000000000000000e+00
0.000000000000000000e+00
2.652289152145385742e+00
0.000000000000000000e+00
8.006457328796386719e+00
0.000000000000000000e+00
0.000000000000000000e+00
0.000000000000000000e+00
2.979344606399536133e+00
0.000000000000000000e+00
5.294131636619567871e-01
8.484993934631347656e+00
1.138341808319091797e+01
0.000000000000000000e+00
0.000000000000000000e+00
0.000000000000000000e+00
8.048593521118164062e+00
1.810368156433105469e+01
0.000000000000000000e+00
0.000000000000000000e+00
0.000000000000000000e+00
7.496455192565917969e+00
2.039289951324462891e+00
5.861203193664550781e+00
5.270818710327148438e+00
0.000000000000000000e+00
3.115672349929809570e+00
8.085452079772949219e+00
1.069683456420898438e+01
0.000000000000000000e+00
0.000000000000000000e+00
0.000000000000000000e+00
7.083487033843994141e+00
0.000000000000000000e+00
0.000000000000000000e+00
0.000000000000000000e+00
0.000000000000000000e+00
1.143990635871887207e+00
1.143148303031921387e+00
1.191044688224792480e+00
0.000000000000000000e+00
0.000000000000000000e+00
0.000000000000000000e+00
6.026558399200439453e+00
1.468494057655334473e+00
6.994032382965087891e+00
7.562464237213134766e+00
1.291483497619628906e+01
1.671207427978515625e+01
0.000000000000000000e+00
0.000000000000000000e+00
0.000000000000000000e+00
6.170933723449707031e+00
0.000000000000000000e+00
1.074880218505859375e+01
1.402548503875732422e+01
0.000000000000000000e+00
0.000000000000000000e+00
0.000000000000000000e+00
5.858822822570800781e+00
0.000000000000000000e+00
0.000000000000000000e+00
0.000000000000000000e+00
2.512305676937103271e-01
3.899029016494750977e+00
0.000000000000000000e+00
0.000000000000000000e+00
2.034900426864624023e+00
0.000000000000000000e+00
5.983489036560058594e+00
0.000000000000000000e+00
0.000000000000000000e+00
0.000000000000000000e+00
6.205554485321044922e+00
0.000000000000000000e+00
9.208352088928222656e+00
1.580813598632812500e+01
0.000000000000000000e+00
0.000000000000000000e+00
0.000000000000000000e+00
6.824532508850097656e+00
3.038057565689086914e+00
1.175738811492919922e+01
2.131222152709960938e+01
0.000000000000000000e+00
0.000000000000000000e+00
0.000000000000000000e+00
6.616796970367431641e+00
0.000000000000000000e+00
5.829987525939941406e+00
1.306639671325683594e+01
1.957291412353515625e+01
0.000000000000000000e+00
0.000000000000000000e+00
0.000000000000000000e+00
4.835204601287841797e+00
0.000000000000000000e+00
2.214426755905151367e+00
1.475920581817626953e+01
1.587059879302978516e+01
0.000000000000000000e+00
0.000000000000000000e+00
0.000000000000000000e+00
7.778736114501953125e+00
3.116650104522705078e+00
6.681484699249267578e+00
5.913927078247070312e+00
0.000000000000000000e+00
3.387286901473999023e+00
1.007495784759521484e+01
1.228737545013427734e+01
0.000000000000000000e+00
0.000000000000000000e+00
0.000000000000000000e+00
5.968876838684082031e+00
1.930803358554840088e-01
1.199101686477661133e+00
2.420387506484985352e+00
6.927207469940185547e+00
1.078831768035888672e+01
0.000000000000000000e+00
0.000000000000000000e+00
0.000000000000000000e+00
4.425274372100830078e+00
0.000000000000000000e+00
1.245566654205322266e+01
1.589835262298583984e+01
0.000000000000000000e+00
0.000000000000000000e+00
0.000000000000000000e+00
7.070099353790283203e+00
0.000000000000000000e+00
1.197954177856445312e+00
8.286484718322753906e+00
1.031348228454589844e+01
0.000000000000000000e+00
0.000000000000000000e+00
0.000000000000000000e+00
6.302883148193359375e+00
1.705427527427673340e+00
2.488223075866699219e+00
2.586652994155883789e+00
9.256363868713378906e+00
1.006870841979980469e+01
0.000000000000000000e+00
2.159863710403442383e+00
0.000000000000000000e+00
6.583629608154296875e+00
0.000000000000000000e+00
0.000000000000000000e+00
0.000000000000000000e+00
6.246723651885986328e+00
0.000000000000000000e+00
1.274793815612792969e+01
1.689832878112792969e+01
0.000000000000000000e+00
0.000000000000000000e+00
0.000000000000000000e+00
7.460106849670410156e+00
2.968616247177124023e+00
5.718592166900634766e+00
8.344263076782226562e+00
1.323039817810058594e+01
1.383065605163574219e+01
0.000000000000000000e+00
0.000000000000000000e+00
0.000000000000000000e+00
5.225289821624755859e+00
1.619989204406738281e+01
0.000000000000000000e+00
0.000000000000000000e+00
0.000000000000000000e+00
3.685224294662475586e+00
0.000000000000000000e+00
1.724844932556152344e+00
1.341703224182128906e+01
1.511985683441162109e+01
0.000000000000000000e+00
0.000000000000000000e+00
0.000000000000000000e+00
1.421563744544982910e+00
7.902993679046630859e+00
1.296079826354980469e+01
0.000000000000000000e+00
0.000000000000000000e+00
0.000000000000000000e+00
3.878883123397827148e+00
0.000000000000000000e+00
1.339299964904785156e+01
1.554037094116210938e+01
0.000000000000000000e+00
0.000000000000000000e+00
0.000000000000000000e+00
3.255842924118041992e+00
0.000000000000000000e+00
1.693898320198059082e+00
7.456348419189453125e+00
9.971394538879394531e+00
0.000000000000000000e+00
0.000000000000000000e+00
0.000000000000000000e+00
3.528645753860473633e+00
0.000000000000000000e+00
0.000000000000000000e+00
0.000000000000000000e+00
0.000000000000000000e+00
9.274020791053771973e-01
9.264027476310729980e-01
8.882462382316589355e-01
0.000000000000000000e+00
2.622484207153320312e+00
0.000000000000000000e+00
5.937596321105957031e+00
0.000000000000000000e+00
0.000000000000000000e+00
0.000000000000000000e+00
5.772562980651855469e+00
0.000000000000000000e+00
1.381348848342895508e+00
1.000609493255615234e+01
5.350065708160400391e+00
0.000000000000000000e+00
0.000000000000000000e+00
0.000000000000000000e+00
6.218895912170410156e+00
1.689070701599121094e+01
0.000000000000000000e+00
0.000000000000000000e+00
0.000000000000000000e+00
7.265647888183593750e+00
1.776535224914550781e+01
0.000000000000000000e+00
0.000000000000000000e+00
0.000000000000000000e+00
6.290421485900878906e+00
0.000000000000000000e+00
0.000000000000000000e+00
0.000000000000000000e+00
0.000000000000000000e+00
9.987228512763977051e-01
9.580400586128234863e-01
5.133579969406127930e-01
0.000000000000000000e+00
0.000000000000000000e+00
0.000000000000000000e+00
7.250846862792968750e+00
0.000000000000000000e+00
1.709118366241455078e+00
7.933307170867919922e+00
1.011526870727539062e+01
0.000000000000000000e+00
0.000000000000000000e+00
0.000000000000000000e+00
6.202150344848632812e+00
0.000000000000000000e+00
2.667135000228881836e+00
8.208550453186035156e+00
9.999623298645019531e+00
0.000000000000000000e+00
0.000000000000000000e+00
0.000000000000000000e+00
6.571541309356689453e+00
0.000000000000000000e+00
1.391856575012207031e+01
1.580158233642578125e+01
0.000000000000000000e+00
0.000000000000000000e+00
0.000000000000000000e+00
7.217648506164550781e+00
0.000000000000000000e+00
0.000000000000000000e+00
0.000000000000000000e+00
0.000000000000000000e+00
0.000000000000000000e+00
0.000000000000000000e+00
0.000000000000000000e+00
0.000000000000000000e+00
8.646525740623474121e-01
8.725509047508239746e-01
0.000000000000000000e+00
0.000000000000000000e+00
0.000000000000000000e+00
5.641568183898925781e+00
2.978328943252563477e+00
6.236227989196777344e+00
8.043865203857421875e+00
1.318809986114501953e+01
1.683506584167480469e+01
0.000000000000000000e+00
0.000000000000000000e+00
0.000000000000000000e+00
6.934185504913330078e+00
2.202307701110839844e+00
3.869687318801879883e+00
8.370042800903320312e+00
1.359822368621826172e+01
1.544656753540039062e+01
0.000000000000000000e+00
0.000000000000000000e+00
0.000000000000000000e+00
5.184533596038818359e+00
0.000000000000000000e+00
1.146026492118835449e+00
1.347469902038574219e+01
1.710483169555664062e+01
0.000000000000000000e+00
0.000000000000000000e+00
0.000000000000000000e+00
5.343326568603515625e+00
1.595224094390869141e+01
0.000000000000000000e+00
0.000000000000000000e+00
0.000000000000000000e+00
7.503792762756347656e+00
1.314745545387268066e+00
2.050452947616577148e+00
3.043860197067260742e+00
1.041459178924560547e+01
9.729639053344726562e+00
0.000000000000000000e+00
0.000000000000000000e+00
0.000000000000000000e+00
6.592327117919921875e+00
0.000000000000000000e+00
1.095735645294189453e+01
1.294695854187011719e+01
0.000000000000000000e+00
0.000000000000000000e+00
0.000000000000000000e+00
4.882213115692138672e+00
0.000000000000000000e+00
0.000000000000000000e+00
0.000000000000000000e+00
1.044947654008865356e-01
2.439354956150054932e-01
0.000000000000000000e+00
0.000000000000000000e+00
0.000000000000000000e+00
0.000000000000000000e+00
5.987840652465820312e+00
0.000000000000000000e+00
0.000000000000000000e+00
0.000000000000000000e+00
3.554135560989379883e-01
4.753808021545410156e+00
0.000000000000000000e+00
0.000000000000000000e+00
0.000000000000000000e+00
0.000000000000000000e+00
5.523990154266357422e+00
0.000000000000000000e+00
1.724019885063171387e+00
3.245758533477783203e+00
8.065863609313964844e+00
1.037366294860839844e+01
0.000000000000000000e+00
0.000000000000000000e+00
0.000000000000000000e+00
0.000000000000000000e+00
1.717609047889709473e+00
1.034270858764648438e+01
2.142790412902832031e+01
0.000000000000000000e+00
0.000000000000000000e+00
0.000000000000000000e+00
5.932771682739257812e+00
1.614023923873901367e+00
1.134778308868408203e+01
1.917180442810058594e+01
0.000000000000000000e+00
0.000000000000000000e+00
0.000000000000000000e+00
2.680873870849609375e+00
0.000000000000000000e+00
1.690622520446777344e+01
1.187070846557617188e+01
0.000000000000000000e+00
0.000000000000000000e+00
0.000000000000000000e+00
2.007504224777221680e+00
4.960916042327880859e-01
2.860415220260620117e+00
2.330754995346069336e+00
9.095281600952148438e+00
9.927346229553222656e+00
0.000000000000000000e+00
0.000000000000000000e+00
0.000000000000000000e+00
5.003369331359863281e+00
2.480860471725463867e+00
5.624045848846435547e+00
5.775735855102539062e+00
0.000000000000000000e+00
3.252105951309204102e+00
9.881932258605957031e+00
1.198237991333007812e+01
0.000000000000000000e+00
0.000000000000000000e+00
0.000000000000000000e+00
5.969579696655273438e+00
1.533618450164794922e+00
2.879165410995483398e+00
4.986230373382568359e+00
0.000000000000000000e+00
2.762090206146240234e+00
9.918845176696777344e+00
1.212828826904296875e+01
0.000000000000000000e+00
0.000000000000000000e+00
0.000000000000000000e+00
5.312159061431884766e+00
6.433373928070068359e+00
1.224315834045410156e+01
0.000000000000000000e+00
0.000000000000000000e+00
0.000000000000000000e+00
6.194867134094238281e+00
0.000000000000000000e+00
0.000000000000000000e+00
0.000000000000000000e+00
0.000000000000000000e+00
0.000000000000000000e+00
0.000000000000000000e+00
0.000000000000000000e+00
9.586491584777832031e+00
0.000000000000000000e+00
0.000000000000000000e+00
0.000000000000000000e+00
6.311838150024414062e+00
0.000000000000000000e+00
1.608034253120422363e+00
7.234141826629638672e+00
7.128329753875732422e+00
0.000000000000000000e+00
0.000000000000000000e+00
0.000000000000000000e+00
6.764413356781005859e+00
1.445647358894348145e+00
3.263973712921142578e+00
2.864417076110839844e+00
7.861369609832763672e+00
9.598932266235351562e+00
0.000000000000000000e+00
0.000000000000000000e+00
0.000000000000000000e+00
5.382277011871337891e+00
0.000000000000000000e+00
8.432092666625976562e-01
1.548804187774658203e+01
1.710454368591308594e+01
0.000000000000000000e+00
0.000000000000000000e+00
0.000000000000000000e+00
5.762535095214843750e+00
1.580183625221252441e+00
4.996539115905761719e+00
7.972091197967529297e+00
1.161324310302734375e+01
1.251338768005371094e+01
0.000000000000000000e+00
0.000000000000000000e+00
0.000000000000000000e+00
6.448637008666992188e+00
3.679898083209991455e-01
1.160290002822875977e+00
3.197894334793090820e+00
9.445643424987792969e+00
0.000000000000000000e+00
0.000000000000000000e+00
0.000000000000000000e+00
2.974436998367309570e+00
0.000000000000000000e+00
6.744348049163818359e+00
1.414729309082031250e+01
2.023789215087890625e+01
0.000000000000000000e+00
0.000000000000000000e+00
0.000000000000000000e+00
5.207792282104492188e+00
0.000000000000000000e+00
5.848727226257324219e+00
9.896087646484375000e+00
1.838581275939941406e+01
0.000000000000000000e+00
0.000000000000000000e+00
0.000000000000000000e+00
4.884807586669921875e+00
0.000000000000000000e+00
6.005279541015625000e+00
1.237526130676269531e+01
2.107568359375000000e+01
0.000000000000000000e+00
0.000000000000000000e+00
0.000000000000000000e+00
6.291290283203125000e+00
6.527155637741088867e-01
3.732518672943115234e+00
2.867333173751831055e+00
9.175183296203613281e+00
8.476182937622070312e+00
0.000000000000000000e+00
0.000000000000000000e+00
0.000000000000000000e+00
4.357340812683105469e+00
0.000000000000000000e+00
1.094699287414550781e+01
1.274327659606933594e+01
0.000000000000000000e+00
0.000000000000000000e+00
0.000000000000000000e+00
5.865199565887451172e+00
0.000000000000000000e+00
1.246649742126464844e+01
1.565899085998535156e+01
0.000000000000000000e+00
0.000000000000000000e+00
0.000000000000000000e+00
5.489156723022460938e+00
7.020626068115234375e+00
2.545281982421875000e+01
0.000000000000000000e+00
0.000000000000000000e+00
0.000000000000000000e+00
6.731440067291259766e+00
8.481925010681152344e+00
1.193902301788330078e+01
0.000000000000000000e+00
0.000000000000000000e+00
0.000000000000000000e+00
7.625036239624023438e+00
7.139613151550292969e+00
2.531261253356933594e+01
0.000000000000000000e+00
0.000000000000000000e+00
0.000000000000000000e+00
3.648599624633789062e+00
0.000000000000000000e+00
1.265352725982666016e+01
1.498991107940673828e+01
0.000000000000000000e+00
0.000000000000000000e+00
0.000000000000000000e+00
6.279821395874023438e+00
1.692219543457031250e+01
0.000000000000000000e+00
0.000000000000000000e+00
0.000000000000000000e+00
5.226839542388916016e+00
0.000000000000000000e+00
1.152285456657409668e+00
1.659949493408203125e+01
1.588495731353759766e+01
0.000000000000000000e+00
0.000000000000000000e+00
0.000000000000000000e+00
5.646804332733154297e+00
0.000000000000000000e+00
0.000000000000000000e+00
9.811639785766601562e+00
2.107321172952651978e-01
0.000000000000000000e+00
0.000000000000000000e+00
0.000000000000000000e+00
7.912939071655273438e+00
8.203232884407043457e-01
1.074687361717224121e+00
1.285214304924011230e+00
6.438324928283691406e+00
9.966631889343261719e+00
0.000000000000000000e+00
0.000000000000000000e+00
0.000000000000000000e+00
7.211179256439208984e+00
3.490605592727661133e+00
7.708831787109375000e+00
9.027813911437988281e+00
1.388955688476562500e+01
1.750949859619140625e+01
0.000000000000000000e+00
0.000000000000000000e+00
0.000000000000000000e+00
6.445555210113525391e+00
1.201474070549011230e+00
1.825935721397399902e+00
3.160271644592285156e-01
5.065421104431152344e+00
1.098250389099121094e+01
0.000000000000000000e+00
0.000000000000000000e+00
0.000000000000000000e+00
5.327914714813232422e+00
0.000000000000000000e+00
1.313367748260498047e+01
1.637788009643554688e+01
0.000000000000000000e+00
0.000000000000000000e+00
0.000000000000000000e+00
6.578014373779296875e+00
0.000000000000000000e+00
0.000000000000000000e+00
0.000000000000000000e+00
4.160078763961791992e-01
4.726665496826171875e+00
0.000000000000000000e+00
0.000000000000000000e+00
0.000000000000000000e+00
0.000000000000000000e+00
6.260348320007324219e+00
1.679925918579101562e+01
0.000000000000000000e+00
0.000000000000000000e+00
0.000000000000000000e+00
6.326635360717773438e+00
0.000000000000000000e+00
0.000000000000000000e+00
0.000000000000000000e+00
0.000000000000000000e+00
0.000000000000000000e+00
0.000000000000000000e+00
0.000000000000000000e+00
9.942323684692382812e+00
0.000000000000000000e+00
0.000000000000000000e+00
0.000000000000000000e+00
3.069715023040771484e+00
0.000000000000000000e+00
0.000000000000000000e+00
0.000000000000000000e+00
2.669649720191955566e-01
4.691631793975830078e+00
0.000000000000000000e+00
0.000000000000000000e+00
0.000000000000000000e+00
0.000000000000000000e+00
4.824089050292968750e+00
1.322607874870300293e+00
5.550871372222900391e+00
7.536277294158935547e+00
1.147296619415283203e+01
1.373596382141113281e+01
0.000000000000000000e+00
0.000000000000000000e+00
0.000000000000000000e+00
7.782353878021240234e+00
0.000000000000000000e+00
0.000000000000000000e+00
0.000000000000000000e+00
0.000000000000000000e+00
1.850674390792846680e+00
1.829377412796020508e+00
1.955938577651977539e+00
0.000000000000000000e+00
0.000000000000000000e+00
0.000000000000000000e+00
5.357739925384521484e+00
0.000000000000000000e+00
0.000000000000000000e+00
0.000000000000000000e+00
0.000000000000000000e+00
1.030192971229553223e+00
1.174745678901672363e+00
1.158489346504211426e+00
0.000000000000000000e+00
0.000000000000000000e+00
0.000000000000000000e+00
7.162471294403076172e+00
0.000000000000000000e+00
2.510063171386718750e+00
7.931452274322509766e+00
8.040508270263671875e+00
0.000000000000000000e+00
0.000000000000000000e+00
0.000000000000000000e+00
5.126522064208984375e+00
2.198334932327270508e+00
4.243720054626464844e+00
4.647998809814453125e+00
0.000000000000000000e+00
3.377976417541503906e+00
8.989169120788574219e+00
1.218734455108642578e+01
0.000000000000000000e+00
0.000000000000000000e+00
0.000000000000000000e+00
7.291391849517822266e+00
1.651927947998046875e+01
0.000000000000000000e+00
0.000000000000000000e+00
0.000000000000000000e+00
4.756502628326416016e+00
0.000000000000000000e+00
0.000000000000000000e+00
0.000000000000000000e+00
0.000000000000000000e+00
0.000000000000000000e+00
0.000000000000000000e+00
0.000000000000000000e+00
1.054159450531005859e+01
0.000000000000000000e+00
0.000000000000000000e+00
0.000000000000000000e+00
6.983712196350097656e+00
0.000000000000000000e+00
1.646448493003845215e+00
6.625065326690673828e+00
7.139581203460693359e+00
0.000000000000000000e+00
0.000000000000000000e+00
0.000000000000000000e+00
5.816508293151855469e+00
0.000000000000000000e+00
6.701162338256835938e+00
1.345273590087890625e+01
2.136566543579101562e+01
0.000000000000000000e+00
0.000000000000000000e+00
0.000000000000000000e+00
8.048408508300781250e+00
1.804653549194335938e+01
0.000000000000000000e+00
0.000000000000000000e+00
0.000000000000000000e+00
6.613982200622558594e+00
0.000000000000000000e+00
0.000000000000000000e+00
0.000000000000000000e+00
0.000000000000000000e+00
1.093372225761413574e+00
1.144959330558776855e+00
1.211064219474792480e+00
0.000000000000000000e+00
0.000000000000000000e+00
0.000000000000000000e+00
6.838595390319824219e+00
1.746937561035156250e+01
0.000000000000000000e+00
0.000000000000000000e+00
0.000000000000000000e+00
6.762242317199707031e+00
5.420081615447998047e-01
3.319775342941284180e+00
1.882337927818298340e+00
8.028813362121582031e+00
1.026039505004882812e+01
0.000000000000000000e+00
0.000000000000000000e+00
0.000000000000000000e+00
4.681133747100830078e+00
3.630479812622070312e+00
8.720339775085449219e+00
1.861790275573730469e+01
2.323527145385742188e+01
0.000000000000000000e+00
0.000000000000000000e+00
0.000000000000000000e+00
7.183427333831787109e+00
1.673444557189941406e+01
0.000000000000000000e+00
0.000000000000000000e+00
9.319840669631958008e-01
7.853026390075683594e+00
9.083226323127746582e-01
0.000000000000000000e+00
7.797437667846679688e+00
1.297401905059814453e+01
1.668906784057617188e+01
0.000000000000000000e+00
0.000000000000000000e+00
0.000000000000000000e+00
0.000000000000000000e+00
0.000000000000000000e+00
0.000000000000000000e+00
0.000000000000000000e+00
0.000000000000000000e+00
1.600356674194335938e+01
3.930589556694030762e-01
3.207041740417480469e+00
3.001636028289794922e+00
1.028961467742919922e+01
8.822681427001953125e+00
0.000000000000000000e+00
0.000000000000000000e+00
0.000000000000000000e+00
0.000000000000000000e+00
1.469285774230957031e+01
5.063940048217773438e+00
1.757698822021484375e+01
0.000000000000000000e+00
0.000000000000000000e+00
0.000000000000000000e+00
0.000000000000000000e+00
1.426607418060302734e+01
5.228337764739990234e+00
1.751310729980468750e+01
0.000000000000000000e+00
0.000000000000000000e+00
0.000000000000000000e+00
0.000000000000000000e+00
1.799753570556640625e+01
1.601623177528381348e+00
1.372465133666992188e+00
2.845566272735595703e+00
8.923901557922363281e+00
8.747117996215820312e+00
0.000000000000000000e+00
0.000000000000000000e+00
0.000000000000000000e+00
0.000000000000000000e+00
0.000000000000000000e+00
1.019493389129638672e+01
1.296148395538330078e+01
2.903334236145019531e+01
2.699471473693847656e+01
2.316819000244140625e+01
2.570688819885253906e+01
